id,msg_sum,msg_avg,rec_sum,rec_avg,msg_word_count,rec_word_count
1,73.26,2.442,43.339999999999996,2.167,30,20
2,31.83,2.122,74.9,2.14,15,35
3,28.630000000000003,2.2023076923076923,20.95,2.3277777777777775,13,9
4,85.53999999999998,2.3761111111111104,63.02,2.4238461538461538,36,26
5,106.76999999999997,2.483023255813953,29.57,2.112142857142857,43,14
6,33.44,2.2293333333333334,28.089999999999996,2.5536363636363633,15,11
7,10.129999999999999,2.026,13.339999999999998,2.6679999999999997,5,5
8,32.199999999999996,2.1466666666666665,20.310000000000002,2.5387500000000003,15,8
9,76.9,2.3303030303030305,69.70999999999998,2.403793103448275,33,29
