id,msg_sum,msg_avg,rec_sum,rec_avg,msg_word_count,rec_word_count
1,60.379999999999995,3.29,25,2
2,91.43999999999998,8.549999999999999,35,3
3,38.03,26.699999999999996,16,11
4,100.15000000000002,121.52,42,50
5,21.629999999999995,7.9,9,4
6,73.08,50.550000000000004,32,19
7,53.01,23.62,20,8
8,3.86,14.5,1,6
9,11.54,27.959999999999997,4,13
10,33.43,21.369999999999997,15,8
11,5.84,0,2,0
12,90.21000000000001,17.73,34,5
13,6.640000000000001,7.49,2,2
14,39.510000000000005,15.55,14,5
15,45.739999999999995,26.259999999999998,18,10
16,63.35000000000001,12.530000000000001,25,6
17,56.0,9.01,22,4
18,5.199999999999999,10.219999999999999,3,4
19,17.740000000000002,43.25,7,17
20,9.16,13.93,4,3
21,12.39,7.81,6,4
22,0,3.13,0,1
23,97.06000000000002,69.25999999999999,41,26
24,11.719999999999999,7.0600000000000005,5,3
25,76.97999999999999,17.7,27,6
26,13.030000000000001,6.0,4,2
27,20.83,2.59,9,2
28,17.27,7.97,6,3
29,21.310000000000002,7.55,10,2
30,28.230000000000008,6.82,12,3
31,15.89,5.0,4,1
32,9.09,8.48,3,2
33,36.88,8.87,16,4
34,10.19,1.86,4,1
35,28.17,53.21999999999999,11,24
36,9.02,10.8,2,4
37,48.52,51.68000000000001,20,22
38,114.41,44.63,47,17
39,10.280000000000001,12.469999999999999,3,4
40,11.040000000000001,16.4,4,7
41,51.52,20.180000000000003,26,9
42,26.64,23.47,9,8
43,28.330000000000002,14.709999999999999,12,5
44,31.810000000000002,27.28,13,11
45,6.52,31.380000000000003,3,12
46,28.48,12.82,13,6
47,22.63,20.139999999999997,9,8
48,50.78999999999999,13.149999999999999,18,5
49,34.86,45.099999999999994,13,18
50,89.03,24.41,34,10
51,72.25,24.81,26,10
52,23.339999999999996,10.26,8,4
53,35.92,31.559999999999995,15,12
54,11.67,1.52,5,1
55,7.869999999999999,0,3,0
56,83.19000000000001,93.10999999999999,33,41
57,58.230000000000004,22.18,23,9
58,18.87,21.369999999999997,7,9
59,29.48,18.65,10,5
60,16.62,12.280000000000001,6,6
61,0,2.5,0,1
62,23.35,16.43,10,7
63,47.01999999999999,14.68,18,7
64,151.57,13.8,63,4
65,16.919999999999998,12.440000000000001,5,4
66,5.199999999999999,7.97,3,3
67,45.53,11.09,19,5
68,14.290000000000001,5.93,6,2
69,26.340000000000003,16.5,12,8
70,49.099999999999994,24.07,17,9
71,13.809999999999999,13.809999999999999,5,5
72,25.749999999999996,9.579999999999998,11,5
73,19.4,13.82,9,5
74,43.99000000000001,5.82,18,2
75,47.769999999999996,50.36000000000001,20,19
76,33.61,4.92,13,3
77,40.300000000000004,9.45,17,4
78,23.37,7.72,10,3
79,21.72,27.130000000000003,9,8
80,35.23,23.869999999999997,14,9
81,9.36,0,2,0
82,26.699999999999996,6.449999999999999,10,3
83,33.92,2.0,15,1
84,21.279999999999998,34.9,10,13
85,14.16,3.16,5,1
86,18.900000000000002,9.41,7,3
87,12.6,0,6,0
88,67.23,23.58,27,12
89,78.15999999999998,58.16,28,22
90,6.17,35.17,2,15
91,50.64,18.29,18,8
92,65.18,30.520000000000003,27,12
93,10.62,11.809999999999999,5,6
94,15.059999999999999,13.02,6,3
95,5.12,3.79,2,1
96,18.52,17.43,6,7
97,14.9,11.84,5,5
98,44.21999999999999,30.219999999999995,17,13
99,11.21,7.66,5,3
100,22.39,17.409999999999997,7,6
101,48.97,30.81,21,12
102,10.78,18.8,5,6
103,143.76999999999998,58.11,56,25
104,45.959999999999994,9.89,15,3
105,29.28,8.79,9,3
106,24.68,14.309999999999999,10,5
107,5.22,6.7700000000000005,2,2
108,17.39,10.09,5,4
109,71.4,20.419999999999998,24,7
110,92.24999999999999,73.02,37,30
111,66.83,17.93,27,6
112,11.69,9.989999999999998,5,3
113,20.130000000000003,10.23,7,4
114,43.96000000000001,7.880000000000001,18,4
115,14.739999999999998,6.2700000000000005,6,3
116,5.89,4.04,2,2
117,13.34,23.82,7,11
118,70.14999999999999,19.810000000000002,28,8
119,9.23,3.49,3,2
120,112.39000000000003,20.479999999999997,45,9
121,82.15999999999998,18.669999999999998,28,9
122,17.169999999999998,17.830000000000002,7,7
123,76.56,28.19,28,8
124,13.61,4.2700000000000005,6,2
125,42.25,36.059999999999995,13,15
126,5.84,5.84,2,2
127,15.25,11.41,7,4
128,33.82000000000001,25.15,13,10
129,31.68,4.18,11,2
130,8.01,4.79,3,2
131,76.57000000000002,18.53,30,7
132,20.18,6.89,9,4
133,30.5,10.149999999999999,14,4
134,19.450000000000003,16.71,8,7
135,39.08,26.38,15,12
136,5.4399999999999995,0,2,0
137,40.85,0,17,0
138,8.41,0,3,0
139,34.78,6.97,14,2
140,20.72,51.260000000000005,7,21
141,27.099999999999998,11.559999999999999,11,6
142,88.86,2.81,31,1
143,33.43,33.160000000000004,13,16
144,41.75000000000001,4.8100000000000005,17,3
145,33.29,6.37,12,3
146,8.14,27.609999999999996,3,10
147,27.939999999999998,35.11,8,13
148,51.23000000000001,0,19,0
149,22.939999999999998,1.97,10,1
150,35.47,41.82000000000001,14,17
151,19.299999999999997,4.92,8,3
152,72.97000000000003,8.96,26,3
153,70.88000000000001,13.56,29,4
154,27.65,6.32,11,2
155,21.610000000000003,16.64,8,8
156,18.900000000000002,14.03,7,6
157,49.169999999999995,46.68,20,19
158,46.45000000000001,16.07,18,6
159,2.07,0,1,0
160,48.48,51.12,23,19
161,41.42999999999999,31.110000000000007,17,14
162,0,6.35,0,2
163,19.249999999999996,21.310000000000002,8,9
164,0,8.549999999999999,0,5
165,73.78,80.23,29,31
166,10.959999999999999,1.79,5,1
167,10.21,6.35,3,2
168,55.59,57.48000000000001,19,24
169,21.419999999999998,19.84,8,9
170,23.68,0,7,0
171,46.6,18.79,20,7
172,34.50000000000001,38.160000000000004,13,18
173,32.28,4.8,14,1
174,8.370000000000001,1.52,3,1
175,24.15,3.45,11,2
176,28.56,26.68,11,12
177,0,5.71,0,2
178,120.55999999999993,17.96,49,5
179,15.01,3.83,5,2
180,37.41,5.11,15,2
181,20.4,10.49,8,5
